# Briscola AI seed suite
# count: 5000
# master_seed: 20250122
# generator: random.Random(master_seed).randrange(0, 2**32)
# format: one integer per line; lines starting with '#' are comments
563702332
3971889794
1193659323
1288613319
3947229598
1139002741
2658032167
3622941752
2415419417
1634893330
3135852218
3581417248
3655508757
1698746722
3626781626
1994069798
1624199122
2922209419
3488359104
91040267
2299354909
4175694142
1793298037
2135742767
2237259486
2549189475
597669499
1253729503
801758715
557913809
3623057352
1608974319
1618684928
1470646801
1210855390
3219366257
2745522750
4038303620
2741815486
3215188389
1777802211
666335627
602662213
3148698782
2589196761
1452914047
1602074034
146389536
2224614242
1893109551
3182845680
1925821693
2318499657
3739181935
3488732706
2603231732
3127155187
2216760128
190648717
3952390767
1143666579
846119899
4037867193
4260988648
3339698470
4141652546
776743390
2025265429
533304863
2895599650
658839684
2453578665
2273199917
3958985492
3323581657
493266296
759970846
3996729238
1393897227
3088153534
2096602376
4189745025
952869913
760090107
3374003479
1160776769
1978886651
434068206
3668423528
3240957067
1684856609
2866018857
1048056704
3229891759
2692361587
1469364198
3744333027
2876429456
2838180189
3272463270
3068347936
62040318
2860749892
2670108837
3087418048
180996602
3733523210
3285463381
3949858504
845569018
246493022
832750613
798170094
2931100463
1644658164
1685787851
322592444
1090617266
1335033627
1174473098
1742518808
1611328764
3858560403
2518781863
2823708283
534609244
61735040
860252596
959812270
2534231508
4019279408
3403560544
3009535112
2756135033
3512989405
1532768352
1286142014
101480034
3192202145
3567507912
2448901307
3841452901
4054919613
3723261484
1861585361
3586585282
4019130250
1809133957
915418885
736503330
1303103928
1378611151
3761208978
2821220507
1423047166
1266286357
2253437274
4267608699
939801447
3133709509
3476234605
1502041886
1214122320
934753467
3266064619
3801853785
2043339886
1733169200
651287573
2201606553
678371723
91004694
662473750
1081372751
1155819726
683070705
2403131009
3803696098
1081953642
77269774
1649489596
3261511674
2065098354
2628757301
1045681748
3957247192
2258992912
2732873706
2612673884
3033670452
3425444767
1977299064
2977591353
407656745
2569900497
2999130273
856366737
2952441536
1264666857
3007972000
4064272942
3463811780
2944584916
1987551096
1614038209
555060205
870265688
25100624
1679981016
3717836633
3960173623
1549882922
1619846309
948209767
2406008044
4111506335
615539298
1725112800
2202612753
2791179806
4135666577
3965546311
1962421416
4194973930
2781358523
1435160567
1897416834
1892751754
3218046838
1246157171
629877860
2140914896
2304858275
3016756637
4006179202
2599603582
3615605634
1482765600
3496581079
857015149
1018021336
3485036559
400289680
3999939109
3547474992
1456093833
2410356564
2719504726
1151771906
4016338909
1641278135
2266395224
276617798
2070373284
379177311
2476828225
2911175940
2990612670
59142574
3138496151
2409451743
2519477214
219748820
242719499
1016430445
365273191
135639189
308878687
815907723
205466207
2441288024
2600771059
3203322637
721091033
2880040589
1450750445
1355096286
3795440181
3589465526
1695439182
2541011379
2134910256
103467683
2377514493
3490656657
2834638049
886477417
2688611641
2557545714
731908755
52378928
366868877
422329306
1966502152
1231568303
1688125882
2417221706
3309211957
3012088247
3437538559
308619154
3677417597
982182939
3444766574
3966970890
1561175637
4100208306
1656825462
1417602641
3905883593
3987890929
844426359
1495814752
210152897
3337106411
1842682461
959278567
1987334146
1621550434
567127185
1342039949
3428731950
3484079404
3413187619
4117455581
2854989050
1295529082
4097836811
1817471950
1446189961
1597920249
4073157838
2370223562
3804335477
1222228447
1488421067
3694488342
2044471853
2497229314
2347297126
3198736291
2583987070
299038807
144417032
3919807744
1663184471
2422368558
3812790610
1500795307
2501166232
3799231893
32583163
701824722
3552116587
2625889449
1578861342
2900660576
1086052155
1522454398
1021265837
2375403914
3476793749
668319376
70440454
2494324373
2827063061
3767132162
170035876
3977457546
928671038
4111804845
578280780
1191529288
3365307714
276197396
212002277
4116364612
1949934692
470847333
3623259248
1248747406
1929217891
4080187075
2367019369
355333897
3326868057
589951486
2894530364
2686304931
4233713422
1642421260
4120545974
875176181
2013332472
3807840469
3150281672
1550569138
2062932890
3532231374
845147940
987617938
2069266778
2015135216
3189241296
3259325162
1666570893
2666012723
2808124761
4174641015
462930168
4024876588
2412240336
3650396730
434873820
3884899628
2117718957
1083415991
2452230238
3498466575
815504290
373605413
3561082908
1242479414
3396514013
1936707599
1041745047
1080632455
2126007247
610582517
244319944
3540060648
2893068433
2510295821
3900101232
3303765865
3157158459
3077030308
4095730278
2800180282
3657306359
1383592050
4183620570
3356686818
1695999709
803592189
1027829115
2178672529
2287464031
4100246043
1614288845
577671877
1200446496
3796577266
4177431750
2991885087
3566926951
2267272435
139050972
1023662710
128200778
790624912
2499331124
2957129121
3966727890
1941533119
884827704
2064184631
3900965269
3444337789
2453667342
2908899738
2459871435
3677716184
247942688
613875500
1679679712
2841276003
2614711029
2101466476
148892493
816950132
1099720364
629824667
1881052889
3200446233
322228362
1356123823
317431022
2969168060
932874593
3806998125
2073317311
1126064417
2271275149
2386876946
2411611939
1786093700
2708683753
670499568
1461082952
2848661742
908549652
3817398728
3036438313
517828841
4262596590
2820536503
3608264100
732956399
3994208093
237691719
3424081222
4292323857
1977284019
4127637740
1103913052
2514952030
1741207575
739075385
3091946337
2366176425
2679710680
2945633787
675439368
564047165
928932132
292612137
1835509825
3741429642
4089239339
1652011398
3230580800
1912699109
3827900403
2613441881
3516048859
1251542572
2396879446
3163476526
234810529
3874374063
428461046
1864303948
1101766200
28230527
2884684631
1973079022
1990538888
1157427231
1600755196
1353735058
3448350223
3422849680
2607949336
218653274
1295534804
2768155197
2617433917
137051985
2579371812
2274617658
1390263952
3193798971
351567879
760121531
3358929857
1171179489
1664642130
2466651496
1430547707
1137776214
1880720068
3114408828
4111350091
342857067
2688782083
3628076096
3750997604
2358610967
930364306
559729899
2044447794
2309577415
815525905
1245926050
3801315057
435127039
2406480586
4031547192
2523568597
2605021826
221134969
2208826361
1295148744
935128270
2543066970
235711630
2351699658
583005506
3942687136
2340352229
4125555854
2205980960
2043006943
2356377261
1075067307
1322188466
1435460471
1536475282
1359032393
177321398
2898345936
1200607946
3494454465
3376530623
2775943502
4026948272
2629434422
2409701099
3570354908
4256084923
2932215209
2688697875
2249206535
2853256645
1867881651
2302810563
2669607350
792177470
3809722379
287917862
3166629560
2397163533
535755257
4253041257
3589992110
1307596798
513331919
3671337724
1979090708
3526147261
1521821501
576595753
2711621548
3744690111
3713385573
2578824972
3425409569
310312269
2092039121
775683429
702166824
74573954
666341850
2785831785
3039046942
4033594353
1661886118
3990800517
3024801737
3294179279
360633318
3193635208
4055499646
4183186121
1959603464
1344690560
3193881938
2040973060
2049906925
3749258982
2758324613
2155711643
884016903
1102953616
3556794937
2068707784
987272902
4093736573
3444735592
2720890521
996099041
2958279001
2585308681
830263662
274084604
3081457791
98386105
1145676602
645169890
4083218447
2848833148
2068310670
454109285
3976756469
1323521628
1379002590
2157797883
267042722
577143101
2284898979
1014492186
2075450507
3246894158
4088195034
3810565794
320020967
2950403281
2248333043
2083693094
4275393949
2310047933
850590161
4072446237
2965587179
851650255
3245713629
968553630
2630897979
3635709406
1958094949
2804220268
4080443191
2351547325
3202303469
606396006
8690627
3425141702
1745136797
1854931407
3127560870
2228435348
1494339417
11246660
4214970270
1125581080
4292246270
2292450097
3974485230
3882282332
2874019272
1456045663
4243891179
1269913041
814689001
1387467064
783292803
112428036
869066016
4147465528
3913523615
1487583890
3472329471
3790442095
3062378299
893442795
2112460956
1783942742
3896998719
2788865896
283796460
4165261107
107360286
556094422
698858839
3645841500
1731018529
1599675462
2991164602
2319082483
2869635506
4215210014
2935150141
1257525618
2028840130
2088902473
3623833307
3655377230
2516037659
3439159992
2233891794
308011001
1488956225
2473538100
2821342641
3680391116
1996323413
2852985057
1656281314
1228293251
3492992083
1146035825
438619278
768435481
3258775211
2542136180
1640822007
3967205698
776339722
747489915
2502320815
1883786483
2606540494
1325925529
2919951367
1253322755
1108467819
935563415
4161886597
292442825
181101390
1078548426
505849105
1643817468
2427560189
1792985796
1550230051
2730149827
3472528514
2906693789
792477145
2139621882
3705779941
2958061
1127983387
2204467847
2806293622
520486473
4226247012
3634480606
2448984285
783422139
567564032
2350708616
2308942800
2612751512
722274808
3379421426
660097276
2657383560
1949168754
276306737
1328756534
960498378
132797335
883038452
1087954085
288901759
1461326491
2363853526
3160822867
3077920630
1953483606
3582231956
2533524134
2834445255
3994205119
431552849
685713261
1079889411
2631267637
1345973385
3644002792
3422958521
4158006371
459372042
24722677
2325868508
3956957894
3527496332
4253398719
1063915036
2242976753
580230262
1824237593
2210914338
3788132690
913697658
1788879176
2818740584
640933536
2835062133
292040934
3193257273
2038504998
1578864650
3946903590
3995848573
1226765513
858319382
391218165
781782856
671748338
2533487652
2058045528
198522143
2341493089
1858659885
2950690008
3181341370
153935222
827658599
1132425732
21307604
2112628221
1873977668
3110581502
2255730749
2870689362
4165269458
60221599
1697409079
756439660
298893639
2088195694
1174117010
1875584935
4212050525
2868733245
3950389482
4294842142
1396914362
1144931733
464074526
963677118
1153389345
2140264613
2803957115
1003943260
2010172191
455392301
625519714
1280030550
4071423465
2147492295
606865169
1525956136
4066581065
3690541213
3238278497
4005681277
2451355547
3002673959
2876380655
924742762
2161039218
67801217
3504649235
3882930338
99390418
1114095553
1388607836
1872932304
3101728859
2604632376
2269736778
2392024445
1115981744
480324816
642702386
2570955139
2584664883
1789198817
3498029135
3072736542
2558274170
300487279
1097777278
1143442562
930541956
481443674
57707745
1257920862
4057247443
1278920334
3239819361
143465493
3930095971
1085345049
3265529389
2867686801
730831516
3608709361
3951526595
2253968006
3000113589
1709074775
4104280995
3706106146
2579701774
170214454
1042789355
745371071
2100575662
1470369327
186730068
3578898471
2968238302
2690169367
274345037
2891799441
2710198606
2186572559
2797613717
3373198882
3481307000
2002662782
575623630
3900968242
3700355337
3124789323
664657910
2276032190
2721875197
1789076915
3960871395
1203202386
757510924
3744462106
1652474685
2031512557
2431513167
2173921720
3210902992
3735190790
2483221678
2793317192
3272309970
4159959304
752540198
943191580
4053781394
3854964468
4275411728
3570711818
2035974575
3240568353
3690365770
1054975647
1515566220
1152279189
1548718291
979084051
3986044126
587657231
583856971
3953626014
3142382017
1693231554
4281614572
1991351639
3533985149
331136502
4101800108
1880462514
598742199
1141084812
699591723
469560736
4266129061
1848078543
727107471
3017059240
2168060905
177276120
3707747603
2598152769
2495937721
623040297
1898094054
1750863220
3932105449
3783933324
1799227476
2372540162
1901216283
982599559
3889112734
1577207717
1313849376
519379236
1240345939
1899790921
1940418824
1778617500
1611675156
440406280
3155043069
2286376009
823977478
3610991712
888538523
2601031320
73493023
2633917749
4105426649
2741569146
187475008
414966820
4084038278
3690340572
3978465877
2217802353
15175887
411818830
3246300425
2263491578
3739425243
797144851
3325475108
1083888825
2893725838
2594043429
1794345143
2196857217
1600646235
194450240
4027481307
582886253
738215835
3536029762
2245752362
2789414611
656052704
1308541242
2572261470
1454945085
835507572
1809469668
1619933672
3017092563
4272906460
994277295
975247023
3578978458
1723252377
1563065479
3951141360
3407116547
2897771794
4063425134
1455121612
3004897137
1465315152
20031352
2336418123
2898249011
3524508459
2074187627
4256295953
3333353566
3149776551
2646287033
1511603810
1909704680
1027982185
572672316
3706450429
2800367472
2833916167
2206880655
1057000405
2297611457
1915173528
1116217642
1955737757
4014855251
3660146491
1911240229
732638592
1590776870
2188078670
4077107304
3129289860
4170757281
2989722151
2035136025
1311810719
2215758281
1720386295
37665847
168436510
3364053554
2480802623
345518821
1432771456
2744500182
632325208
281738060
2537067313
766758368
3130911536
3731627713
2480453427
2582754807
1265218472
1827554322
3490658760
85485184
102997199
2594730471
3544112735
3370126290
2264456118
3273273169
2771818762
2754988153
2874000210
2243302363
3962471106
3443243863
3529301854
346747866
778690700
2067978788
34931785
316281766
923916479
1112473886
4174440550
2499893416
287392408
1135793671
1484564265
2032175566
3512895427
3364972301
3571128819
3912931767
1067181619
4079565023
3965761849
2313276522
852897158
2361003001
1942225054
85477025
1016415304
3144607428
901130845
1114648031
2163880140
1832167686
3540771245
4276723534
4215862499
3418968323
2349328786
2038443003
2625309625
779084687
3429050279
3118956168
1505949114
2034334005
850606058
4186723155
2129929552
732968209
3912055951
3548578897
3362615727
1072859511
353028882
2728159384
2445183386
2229968643
1924274270
2983856260
17368171
4013083053
1759745859
1945019661
2968210932
18652118
4238962347
3055899540
2523842550
940283633
2483158956
3401806385
1908334420
3680028247
258912142
4128675455
3570399467
4112052498
1820086891
1361319244
2489551758
1424266536
1853999282
780708588
1386990651
3794665839
751852088
2291559043
2948318172
3328575971
3831899946
4073266554
1754810094
2867477524
1341311029
3822952967
777275997
1510157
2995773695
4091552019
3220089499
679025827
2706367502
2696376116
1219415848
4005216665
1887052000
711903691
2577793729
2995119577
8260760
3688041812
2881550779
251643647
1474899638
1334331041
551225592
3004039156
4083894927
4030506915
3081832201
238389499
2042212443
141770002
1471387714
632403756
1776995637
3162448756
1616854308
4185403434
1764560098
2528352508
2040155137
1423410818
1770268705
1133559015
1130284970
536907508
2312112883
1790075845
2531293750
2617273185
3044530070
1416726976
1885817582
733262317
912548138
3161682359
825985198
619814091
1353022440
2240778307
639942120
724451577
1023797514
335253241
1405958493
698872176
637761099
1488912255
1496397739
1054652104
3881923903
2822912145
3939888581
3613816456
2916632917
3846153517
755257468
378195613
1312885701
2353129663
1797604972
1600717967
244026377
3661075134
1659146604
2518573804
3392991097
1857249208
186494739
2108014194
1221837182
3208743821
1425199768
217322303
725291402
4226371936
429960667
1026425855
2657737833
1030062227
3671293176
1458506721
962421944
1756601750
1186387903
4037080755
2771936946
2338182864
3922926747
4278191729
1140585586
2979958960
692677829
1901271928
3343571362
338845993
2632435216
2425263594
124390624
2331109116
3390628879
1341357387
2109741391
3348577797
515525511
3581832794
2358588219
3389772164
2832627015
3319540572
3527414667
2787037607
1747511800
3292197610
1370183289
335194474
1358952966
563188764
368592612
561538667
1872296829
780404442
2625793424
600190505
2641812673
910100735
2157147764
1545943365
2248621277
2380218022
1740914675
2309975085
639809071
1291895353
905887688
485776650
1590567815
1514459012
3120652589
1588628117
2617232607
773180885
405356709
1384793391
2018747373
2637664863
3652103373
2733097955
2583211789
3285494783
1738875764
905153113
3525319511
3735780509
287086620
1991985803
1089737408
978567792
2202489551
353608591
2246480905
1275754060
4192770830
3080491336
3514164055
446106208
3705760785
1600856481
3605352940
744663763
3191182726
1713483737
2853824695
2135261713
2153396937
2964194407
3566992624
3058889838
2474593784
3305543833
355462312
61220100
1522473935
2964940165
1996423164
1011761880
2879196795
816966774
90686207
1394282788
626329857
3323224193
3295367544
3920420805
2588412245
3881870223
751678302
3508371370
996639633
3873337633
2195945941
1957257887
1689699758
3284465633
2935759807
1468486918
3858242264
648779764
781833423
3512997011
739305774
4232250385
984232650
1548687132
106009965
2820675213
2835957409
2311290309
2345558095
2057885289
1887398972
797539864
1420296266
2090522602
2175637022
256622461
3667098275
321490359
1100118000
752171021
1696935794
1038551381
3010961990
3740265393
3293431073
2755013000
1116087871
1017717442
4154039086
2909958276
1691720509
1358410031
2788750438
4233519620
3466961160
3721467518
793174833
3246254634
3835078043
3211647433
391527762
507776495
3578662088
3840810096
2163909738
1821564531
3221794315
3448039236
1229963382
3949060252
243899939
2193554026
38331867
4169243397
852792177
2807374606
4045518380
259688225
2592867408
3162877999
2877625963
4118980039
1029735912
3772899069
1404410118
3562214654
3878523587
710264810
1105190504
1180351733
3036488908
1672595180
1036448444
1151533809
2378867745
2962363770
1583301131
746682152
2042107876
4129159105
2510212345
1069161590
1375914913
3728459932
2441044804
4110245740
2065902624
3302191139
1519080549
2616415431
395286446
2203033048
1908499720
820212870
3156086991
1889590769
4051937169
1517520316
1473624992
1846702330
1071718515
2273551734
1380273410
4101958992
562853907
3111627606
2381100359
588826835
2623222554
2942251833
3383687451
4035528768
2137334255
1827754670
2063035041
2876798785
289679631
2527773123
1544330365
1157477106
2387178800
4291666031
658860014
3186201727
575163251
302184388
1629679747
4251541297
3989997867
1701128280
3571533439
2876781704
1613692930
4136398681
2205879406
545124660
3598086371
3821062974
2181713721
1766995433
3753073688
3049069043
3637883692
1754734148
320300843
3443200990
2165951541
2815350815
1439030386
2718420544
2336247447
3984224934
915499685
4062573621
798504029
688200274
2478311218
2563713764
411775935
1735634163
4111365340
765184324
1825730018
755894905
3164714260
3915214195
3801378841
1356197603
679580309
3989748326
3629696149
1458719309
4046019401
1576130973
2928964327
1903391785
3085045265
2744326423
2553896495
1409847701
1982652536
1124375720
3618186505
980518438
1268016768
1508564294
4133325484
3638392803
822889295
241385637
3862019397
3985636037
3281171503
2815154541
1349918423
2248332393
1562378055
500545614
1894532779
2954745109
2130415225
365046655
3056318610
1728515282
1201464624
1061832865
367937241
2538142740
1267968716
1152356686
3937181808
3310698057
1548873280
1517746670
1004704597
3962683286
1827460909
2206905340
973500765
2215204678
3375981814
3721938302
1080239265
2448714146
1728929039
4107109311
2023272705
1187731856
3134350104
3232669220
2992961220
1635555294
1192414267
3959045365
3719620200
2769188765
1446703898
2040754973
3120957225
2257684812
2725148841
3183984976
3459207909
1431742299
641264257
1150000604
3473002251
2485846106
35235903
112171012
572624703
3577570609
2227791868
1900979438
397850995
2001658568
3935465248
2792032290
3482227556
424855349
1663927249
2061865175
3390675855
4114219548
2414804882
62385541
4292588456
2017693241
3656097272
4254449106
2490103569
793092387
2247693578
1499755120
423268279
580993920
754772112
4077463550
2098095776
1472350360
81166069
2256769309
2623440853
522510503
2298468367
1588027681
3519150690
261386053
4187120287
3472978733
2310045263
622107359
3448390517
2448992428
697542184
595115851
3689668695
1523027905
3240079957
3563180581
3809158745
3572712063
1711338775
1847989605
762351660
3024435871
3493906630
2395118848
4052450281
1679718963
2493911458
1705487805
2934194881
2737158281
3279335763
2052580956
475843411
3731004002
3192441246
2390481343
4180659510
747278983
4253467697
2738864259
1361143233
3494394782
3429183039
797171237
696384309
958083483
3906918448
1343937933
603573103
1598460504
1008627101
1096863691
2246801496
3184963425
1053387816
4293630948
4256330768
3382758782
4204173987
2763211868
2977729047
1291316373
1297043251
1286140136
2274142441
563217107
2077692400
2752464564
1862199599
4251969192
1937120348
2193946265
1907016585
2140687954
3559691187
1259101545
1637224321
2470812028
686448894
68195932
1638538150
1830150307
1133188760
1422000093
3124395228
340763531
2350147027
1531573194
3537537026
4141276860
2377651599
2145212409
3269745518
1411294452
2551836734
3336796106
1460411536
4289709740
3586261335
4004629596
742410265
2339116812
3711823489
3404581792
1361731195
507829946
2028847256
2933778801
1183571234
3761455943
4006679080
495859054
353616238
2039116314
1770954872
1976801957
3701601477
743334697
3999229219
2718365483
3438946674
3713784597
2064677301
2970372637
2954348177
3462021606
678407382
1719701886
2629868473
946340176
3602373917
2790331249
2482362661
1729342718
3614524219
3416163067
426888777
2783427695
2052580953
3497369188
3994319485
1749306517
2061681765
2651065279
131167782
1608408710
3192724270
2771698525
2960059785
3581649440
2610691572
1377410495
2705731144
668716629
1679885851
1852828117
2686367095
3308213842
3612634052
2582722167
1577104389
720912940
2252115405
2336644871
4294851095
3439448435
235826218
2869916555
2408299323
2252250561
4172919239
3420167611
3326900091
467283816
1760756823
3042156221
2687047883
4023674070
1173277319
3269950372
2858319546
3902466092
1867419574
2096840476
1407540580
2475670249
3599786021
3692700662
3676997846
1770266896
1138802920
2656118927
2911749092
3720503187
1708484708
3999888782
480835329
4084273318
729216650
2080205946
4042291461
2141652229
3269918877
2664922075
378075039
809067855
3316682857
1018137441
3736072578
3765551681
1256648479
948589286
1389786551
4160954809
3070805674
78612500
681259928
3085222793
1365064990
1751265336
3821523480
920853775
1528565447
365809976
3458324003
2717502080
3858648382
2795852047
2332144602
1018712008
165475361
2367903856
4261662803
1148649922
1481027568
3214833564
735238550
4136223841
3575568785
1809304657
2306439131
93148870
2602651255
1390719489
957202435
4179982260
3021691757
602888573
1683506776
475680896
3980897685
2424240882
1209551564
18693160
3704601887
3962728076
2779146789
640135791
1710868362
1737243389
3302855323
2963740310
1474230480
103268657
3999839341
2394876552
200966610
267445288
3252274470
3115402207
2484623689
602258408
3833381668
2456373111
3018460917
2152856759
3924626814
1916934325
3925764997
1168299446
2885816520
1643089953
924705717
1658033303
1853432078
1575802418
4213915461
658004219
4058143359
2774984298
328577548
2297384099
4270108953
1158644413
4221142944
3135743866
3273804862
3310508467
198062543
160940074
3563367081
1326402245
3521635746
4116021934
2017031387
1517755447
2613340613
2047393039
384569374
2402396334
3297168674
1815393892
218502367
1015959478
1059214082
699923876
2593315356
441790530
2224386868
1174199385
1604637031
1537954848
652780355
1384452585
1144290658
674226014
709251016
321619654
1115303000
238236410
4262165517
2966535511
419448910
1879461938
752017793
3126090956
1956922258
2755088757
2004555300
2056729723
4109149187
2675002142
494097216
547535754
3653387871
1908827782
3885952496
2753739709
1711948980
2807801539
3540122725
2198683586
2102105824
3278538788
1398223363
800371701
3003152421
2392580913
1461070701
1903741790
325173959
2991643756
2879580915
1719886172
2796742862
611293267
1828985578
1184019894
3940592990
3330786473
2257640507
860350216
2755684454
906756246
89748154
1808217970
3242276733
2657762960
2969048481
2277612843
3354361204
4162552984
2611915147
3630110044
1655786888
650239180
2356097843
500498087
2847625325
3744684771
1348426436
1340697511
4203120915
1572887850
2012340168
547675451
3682062608
187765071
1368535382
724722767
1779102866
620880967
1720258108
639200263
165152086
1476814012
1817465299
2251883884
272050030
1672540337
2112443649
2122979454
280116747
3295076210
3102776828
3439980994
1294924244
4106129211
2968026813
4225308055
125293007
4060336514
2739273611
4293700281
2874596499
1247778315
2477877092
751715820
2455951955
3482742785
2109769571
3292750233
2503002645
2053148756
3006187272
1524576518
709399164
1675039302
2326343933
3474023599
3557586542
709005130
1649266612
2184052006
3698437244
2531366489
3843994743
4087698393
2386186723
2618964147
2019631606
1120461158
3486262385
4041754568
130735000
3008840691
2616009890
2757568832
63815181
1484242428
1298494822
2619833540
2202046609
3715852510
2888790004
580211894
3493788004
26727075
2347090400
3586245893
3052258043
504589693
3704774148
910580685
4095457833
2838696649
2933890030
3931261780
823219915
2965995305
1510502743
2087188690
644855230
1479327102
11586169
2583657887
4017004619
4292000657
3082370917
3199190569
2286807739
3315604362
661055769
2042306114
1625746001
872273269
1605154686
3248307240
3765017142
1014646869
3460634714
3944021354
2922355563
4176034248
328711105
2552290648
2173889705
1470005935
4122892714
2299023330
267340416
2622137872
1436887138
3832742234
3878960918
3104594718
561725876
2417548345
1453485986
329708709
3505149445
3952540389
3280811001
832812272
2214383156
2784779759
3482376270
429922747
1805583245
2793824175
194945826
2186998957
3638869067
3952578801
3575091992
3155693228
438924305
3958692969
2785072813
2936768019
4173027844
3742438010
2397726126
2903601027
489409480
3708896852
1168080000
647794020
2691213582
2751054095
2397015185
3861267804
1812894840
3652919289
1263689435
27338704
708548570
2793164406
2285991068
3433076300
406863648
3098339028
3938505127
1093542625
184653175
2837712189
3670860117
2315913536
2361802160
3579753269
2144568188
1475487178
3322973219
2359459850
1337469699
4229336815
3819114124
2303528912
2467553113
2861758099
2552617452
3970968124
2230735819
419324812
500017165
88449542
85558582
455929466
3734393009
846966692
3138383418
4046429433
214894401
898135384
1815387384
1929154636
1472109649
1367440728
1887403100
105056173
690031541
591042820
257438534
3388912658
2754799646
3297460398
1757549783
2852911044
835890454
1845669158
4251714401
3595673824
3076191615
1711009771
3423581851
3867947007
2259953308
3694969744
2652350055
309069732
1666941327
3775172349
2708418142
72212041
1220333246
3950166546
2123700004
548399730
464764179
3371042194
729898369
4265360108
41216558
3675694287
2205363707
4000662888
2476866226
605770997
3930309566
672607496
1196616346
907673676
1772665136
1735642946
1044809288
2917563068
2215489022
4138514944
1309068587
211558513
663864231
2476768850
4215700692
288568829
3339315961
3232838804
3646621872
386048217
1131936550
3487690290
1810466914
3198525478
1366275068
800044742
2382378699
2016334114
3933784370
1371689547
3785283148
2407875732
2023178212
1020221410
2472956769
1879795148
1777627839
1483126175
3328558405
458477198
1502668944
2592616808
3206486912
2199348307
2957370308
1061336598
101730508
3259856553
3730066488
1669770271
487610146
1912955779
1013263636
2556469455
1151457148
1402022550
471830557
3504630350
2177150877
1029010738
570262623
2977940983
4170631087
3501444588
2343936459
2779056558
2237462043
843959632
2835173415
1817674178
4059522412
3326746322
1055639500
1095167408
3284646452
1293002488
1369275135
3883167360
2765400694
854639203
636893703
2273349302
1140671961
100021413
2391352430
365378770
1761470625
3427155934
3805680283
3513857504
4294086658
3669964320
2644746159
231699612
1671087834
2163499461
23251098
4104463836
2457598257
4272779917
927779997
1935788090
3738214536
1623267109
133196363
1430024883
3026316559
3772101319
2956812497
3468088861
3474569546
935186579
67674239
1903680910
3819459798
75796363
2982143975
1119525681
726471513
2352314933
2140825005
2843753987
2316923822
3240071842
2520377803
1160786961
2234423924
906517800
693895167
3947771669
2376497586
537606493
3144433635
521301121
4227279890
1101297560
2051689602
2565624013
192137034
2754527405
3910767988
253728481
1630768948
852745411
3255930054
3623318283
360187563
2668660474
1712533985
3412555498
2643527825
2647864558
1544493520
4141229299
1942213255
1645457800
621686301
2163979953
115603607
2192097108
821474995
2276645004
4121906616
891568076
2864041787
1632640936
1076693229
731798585
2548680890
4102503889
2788152173
318396029
2458451614
3908006137
599296617
3369817402
2337082142
3577718766
462864217
1645102536
3270705515
1451582856
3165183992
444921645
1446501379
4237847048
3270702346
913930071
3094927705
818566917
2300361969
4254972720
3511197570
1047563060
843163086
807645384
1742091871
2766723791
490375635
1302856359
8861179
3219289624
2157521955
4221194569
3845260447
2435981261
2468616652
955853202
2207939605
3156412065
4116280662
647525852
3968389558
226595932
639977384
2233512260
2160388565
3801278372
3845732478
3815710807
759108817
1963824109
4023304124
952597929
1558089472
2870080700
613667064
828178520
2876794704
496431604
21596457
12882554
2885691471
263368481
3056745440
3698492518
1760024022
2853226500
2480755588
1982109878
409526100
1362218583
1447109640
1146262099
2539297756
2186560229
3183284779
2206364138
228918080
2272516175
438115302
3106825154
4263943388
4153591540
3373689618
2123508650
560124079
1846102479
697638108
141119159
3256755494
260492457
3734219565
4272556365
1871841455
2398720857
1636216056
2116450731
1025999641
3176751000
398473007
1063600647
33617503
2211234410
3615076772
1615923177
1324748994
3899498262
309082652
1336312233
714269884
679386542
146224974
1647944899
1548089376
1012296550
1647221966
1378004466
207982620
3065969699
537842211
55636814
244820588
3828334407
3689238903
73362259
1595421337
1642000628
1095129151
704768520
347634072
1141737480
3815861133
2270169189
1681600799
338923163
2336417033
2455956386
1021408605
1345000250
2519874232
1103217058
2748637917
2683248455
528328126
2443127469
3577791835
3649964436
416642799
3595838545
1550712668
1153377305
1061288002
2846932120
3233085322
3574461959
3574036361
3482293821
1388377820
726340260
1977184656
2653455513
4022916968
356739925
48864393
716308449
588798504
1559655633
3910628681
1737139752
3182782589
3184413403
1210477586
224284221
2204170171
1904995976
3687893134
3490144318
3343237375
2116648747
3980096443
3414555545
2668576420
369376270
3757830817
632152140
2682232857
1963698573
3708885472
2648263521
2996674120
1388828010
2978310797
1006367306
140173521
2781095256
128393298
3639398136
1924814887
3710815001
3948543824
828581624
1595184258
316482426
2371549809
418719899
4201341431
443523351
3006855882
1593131758
3729942458
4055941956
106323308
3966911502
1132783874
3656208415
3503524971
1680905269
288550002
1207601530
483745432
11553051
422861843
2054514523
3527520696
1803650362
2536829225
772759188
1763354355
2718970285
3840815753
550860992
926440058
1393817050
4292820444
2933204317
3492781832
4167194068
1475074037
1989711748
3742853754
1146671755
823082139
3506843088
1489844359
246855658
2251963162
1186154724
1511969031
1634859233
115980914
4001182452
2240097046
3987046543
1643536019
1636715215
325112363
636516692
582813507
1165539193
2329311504
2432163483
1116010271
3481608782
3586030046
3247090602
3024088840
369801260
174995622
3811191486
836641076
2949064685
3005943985
475060900
810756228
2432316019
3222573093
425082921
3611793111
2380784571
3486506937
819015050
3210747900
2427756231
3786328144
2420521470
2903641370
93845526
279113661
2795956544
355831688
1857426382
2257466779
1195310789
3962443257
2861666379
116380517
1961267439
330939272
2917881069
2835025513
1926414488
4029896627
1615580327
3178869610
3545022946
3065683540
1353869498
3116306112
1700319741
2699800471
3746844348
3862539464
3360013908
2394927419
1451883176
3426972758
1906787978
2623939987
2354190659
552295434
2605288518
1346338414
3133190765
3049196726
3045607914
4059819695
2085317429
797356643
1784183327
984099951
2763754364
2541776223
1929032339
1212448517
1343655608
2232408934
4149857398
2431590752
4044470382
109518750
3557702030
888464986
4036514831
3447622352
3617980826
4038074686
2505454299
830839122
895501857
2770649360
1016098631
3315290531
1380489334
1692036064
2000823162
2460652003
2910912735
908776373
2982331929
2858761048
3026421579
3385795064
2771376698
3330360997
562267260
3829656436
1936116728
2820913546
4160490973
3859101623
3253123262
3875761079
1235263136
2869589777
1064923820
656828846
207843648
1185042305
2743746235
1467988478
1419291185
3997675114
1550589258
2819529695
531661627
502173144
877127925
935009496
821777685
4146117580
2352356000
2699826406
1661902559
3691959045
487817968
333038001
3200818237
1060880809
4005634248
445114839
3192453675
2214241371
831639887
1402764782
3402766336
361951292
2227346084
1938889328
3872361647
3133462800
3349916583
3022222419
2634900469
1087198380
1188600679
266808751
1370502915
716366472
3830111158
4247850600
2477336348
763084977
2031514727
2546676129
175737414
2514720144
4127088890
1396996076
1912466691
2664827200
2198116470
1229229615
1718489588
1858681864
98488997
1329465896
1109161274
1025801402
119054945
1977427474
4292904295
1887911653
1081107359
3593665298
992464022
3173291454
1553532141
3505409457
1690724108
3430161027
890623459
716794489
3323794662
1388215793
2355076589
1988883889
2896679539
43746576
2543662244
187741589
3680650578
1142260840
190844386
899446283
2036399030
3747924704
2600838208
520314210
1968536728
3085442221
1907259308
2285115470
1409685612
664718358
1761180628
3872318721
2288433081
1439798955
2869586642
2130594143
2425207896
4125227000
1886025548
3196159022
1759477303
4087812300
3175266079
937249892
723200460
1657963257
996369458
621368039
2344736747
873613689
1168242709
2094755264
272777546
4273692931
751671619
1771295324
2096642168
44739344
2738751525
1269847572
3182533203
3608243500
968309819
2038795747
1240976169
2923627638
1320317633
3018053628
607538602
2259845863
4125737431
1019614755
3445770782
3278317790
459942084
2825788518
3410048807
3619146796
1677044286
450889059
127067403
998639587
1064530981
3903861576
448055728
1522494116
2354181130
4282259496
1221952641
2702565381
3937381160
799707553
3236548141
2436226377
1557728902
1807927873
1158231754
162595104
4129677523
1452842705
1407218850
2229867892
2722682592
292733041
751076409
2284465414
1411554576
566937245
731744110
2992170419
260963529
2251727561
458428145
95437073
3467992510
978065965
1298413837
48198356
1897197449
1190765830
2160987393
378163946
713650405
4159572575
3243769391
3008916894
584501314
1080081073
2853629619
2680499881
881419105
1538631162
1685311875
1305853777
854015347
3830493011
2209225459
193877050
2781835177
3944423668
861406923
137260766
3632067639
1234031058
2674814785
2583818129
1452516493
1763168717
3704475698
603952131
1488034305
2933277850
279731220
2009325135
2967348030
1175403036
159588313
3158872313
4035149661
3927843441
3311650217
668472150
2269577945
999852500
4193991712
3377771198
1972942408
3001987745
1519777513
3759545024
3841959902
3587837577
4082769667
90575222
830374878
918471096
1462225424
1303107714
3791176870
3427186600
2817510102
3689922990
824841580
805299927
1278166619
3977380720
3737517574
215968955
1591369170
306984809
3924336179
3759664037
1907987838
1702897050
1124776202
3308081535
3615289271
1779837418
613853448
3535720101
28297182
137785759
4045834358
855430036
619203691
2681123581
1782920693
1043328235
3912662581
2360993487
3847355231
2196356605
3752501665
3525843693
348291655
3171378034
380914741
497890091
1529630910
3836710616
3546718141
2250595656
3080493109
3983113532
1906478468
1405897676
662343507
675147525
1152971029
955439592
2825235332
3371148778
875824455
2942321293
894419009
2212686838
9850131
276344677
2417217924
189479582
3407111873
2994354095
101146898
4220056990
3887834759
3779205237
3099372651
3699538477
3280710210
3886771912
2326846854
2531458314
120034733
2310619706
2295862425
3767452395
3250214503
1701878831
539016948
3233891666
1220421162
2229727307
2326014041
2536605428
1817649807
1603298262
2969519886
3689311967
2653256555
3643725311
555993381
305545300
2475561649
2142415901
2712234891
3581256075
4200958926
2916438433
3921910219
3428830042
1995583141
2380908521
934515247
2173734625
633715572
3011042644
255914803
2540312097
1267970154
3366996734
894760976
915873874
623513521
3057731567
1515441809
2242683107
3025761438
847463491
2755372282
4065425164
3804622501
3459446850
235549116
1370584310
239080859
2139114122
638732375
4195390312
1578607023
2247941258
2031047689
2014033394
3192297604
2779743898
2792764886
3805728494
714273463
3433320409
3443276167
2914698433
3275943916
2712603147
2352850182
4115137852
3802698069
3131117027
205428310
723382277
3080506874
1386854829
2692615514
1270770143
57753904
3562588764
1336613606
3585993122
1568306954
3687806712
2292113717
3749003432
530423997
1956042295
3721760845
2088037083
930358538
1038758856
2409017080
2188305503
2246542170
1457314150
3672076105
184679799
1174185904
2136262916
2401140837
278094211
1402875009
112015019
1828391049
3228723366
212538229
1889863853
687637643
3814653094
4189555951
805279695
2697750776
2847346155
2088388999
2621596235
1931042618
2734736140
2494924165
3984103363
2439957307
3368331499
652418456
4180657453
2038160714
3436838749
3084454586
3773771468
747953830
1082950427
1492965421
4277665189
3958607733
3298287723
3286320107
1622083193
1837365939
2923772708
2311941203
2246903745
3143098248
2182685883
2165705316
3250462237
4024994459
3798780682
2646494227
2430358635
3636757524
1651267806
2443084110
3274132623
3016623691
3185653981
3882187340
1561808629
204606631
3673068729
268656596
2262133348
2319701587
4089237013
1353600898
3071230279
638909343
198165431
680531078
588686873
2621919984
583217847
1861606734
3362831325
1666197154
3077530428
393952940
4064297078
4031815084
1730668108
4173140816
3910617751
2999203164
1303932094
2250870903
4225398943
3583702950
184731572
4011204876
4143011352
3026032934
3939343943
2721448600
3017455594
3452758740
429667572
1089940874
1899872959
2362979243
3594797751
3103979765
1898553701
2739624147
2085184774
1237068102
261480047
2093261312
966633008
2758875291
3652056905
3578397406
2651711031
718676778
3847449204
3196327509
1534192408
1481595239
228437208
2798415970
4228157327
2082224113
2865129739
1395903558
309976317
3366257276
1776108204
4061639441
827191958
3579864532
1825398753
81670843
626588050
1221435364
2189030114
1678949978
3515259871
239854695
3468408375
701146850
2758712389
472615942
4294873619
1405747824
2174235141
2468643294
1268515048
209660955
3571261176
32909303
1579901663
3143806407
698162327
1270056277
418649951
2622263577
262840998
3529863316
326653178
2055862018
4093161058
206053807
3842654295
2007853041
1880778312
563325716
2539729744
409447049
1093731760
478302640
2127683146
3886497779
2520194163
2293655203
529044464
333225276
988381479
617477838
4013082226
1665312083
4115112524
2590175569
941132922
1150066056
4271702911
1777226443
29111200
1044344032
1602255390
4176784065
760473912
1617986510
1564947864
641788289
2171542825
1323676213
3295678496
3604297597
1128693240
3676667470
2113237028
2951077748
3837074024
3487538945
348911686
2802199551
3094721642
497532435
947515091
1952828682
2546501195
1957612956
2829748248
2850892912
1524449204
627758204
3046938248
3615014914
422609201
4075061161
2914495113
1410908665
2585664239
4195954042
1502865908
171159474
927708886
2726321643
4115945411
3899410918
1231238978
3394699078
3146118511
175808009
3855384674
1775739327
368687962
28101178
1762465360
2017869953
1951953851
3574496053
2017790428
1404034938
844956122
373149916
1880289398
3515880141
2005988058
129490238
1531125660
1447520234
1859056266
1128351678
1364861019
2055293111
2241058012
382161804
3656615720
320830307
907165401
2544831551
369730621
2905682963
2763689155
3320641652
2560861110
530609871
2895624453
1443107999
2365557125
875388820
2989042740
3853049381
2768442869
2508819651
1184924676
2737850288
3710603550
3024072266
2646297019
3455147590
30331650
1264363790
1219721946
161503215
2856614326
1000960045
1429140397
997388121
3158495608
2284768213
3797396927
3855501338
3925952214
4277162230
2455050067
4096710454
3992777328
3542239597
3596163936
292529964
1102155639
1046996769
2811091661
636146925
652127330
2046756082
2574501742
2198442574
1287194710
413619682
895034151
959025325
1225073445
648170641
2424729980
4000157486
3244282440
2461713295
18001154
3357412042
971578966
134434717
1031694149
3993219085
2048588377
1281966422
2029939522
1834455477
1316518005
593376870
1238471020
1263260595
1037521628
1077959900
3433888064
3653094166
2277988823
427889359
1256046546
15697387
2787604485
4225020299
820866401
2771247537
589267135
3267117527
4195808340
2634812871
1010843443
2322296642
1083158207
1602905445
2110734978
2018888159
996173456
1334420722
704433331
1110993776
3005698084
3985563742
624556143
2017469959
502384591
1212620780
1219185850
1263109143
3990301621
3312830169
564616775
3165007479
790956392
3687790618
3881251988
1329785523
1836741306
3425859144
2945688127
3628732513
1758355507
250848064
2194185946
3116734947
1724990588
2637806635
1135662689
2898811557
1984374794
380201819
2603497537
585736819
2341783411
443645363
3132189186
4274755848
2170674402
1141773
1162592964
2183129780
1189966438
2132908075
2202321444
1149337521
1114498970
1227641231
1862466344
636388230
1765675049
4160831839
1882480515
633977738
1469102271
1232769431
4053279746
3308434443
2877138345
3727723107
96402869
958373379
2583459159
3618744913
1584610808
641670433
3476313952
25584146
2816761761
2060632365
1102843252
3710871467
423178916
2212816958
3521219826
4011836853
3223276818
2298904534
1153031974
3982501666
2670817346
4046152152
3928930831
1061759926
4118412272
264010192
2868256652
3036991724
661016680
1628611749
3617178694
1383809884
1519072032
1069757042
1969497775
3005993335
3618058362
1571627711
924303342
583498258
1730803861
2275813856
1031080530
662198671
3857687571
3068555180
2895196977
1489490889
109891842
1740444445
4273575012
2032045924
2801679834
2059286281
1258609423
874871563
3406355726
1797662417
3026717427
3667807728
842446163
375222409
885402168
3999416116
1384869029
203205843
1286808960
3108489819
725843170
3435631310
1128488756
2878956402
2024843672
937648216
3243403454
1749821795
1323858191
1894484464
3878731977
3919522709
3294133325
3434838232
2449850231
2108927475
3641884454
2136257116
3643505114
3599732886
1811471961
3963079250
3705085108
18552730
1277282071
4212707073
3180552652
2795994885
2980996860
2166547765
312712242
488517434
3304126497
2682793278
4222826427
1674511009
1093017327
1890848453
519326442
3551638315
1639402305
3493972279
2071403472
1784601290
2576019772
2609545071
1405574565
2964341309
2753551895
4271155050
2555318625
2330382897
733942479
2916784759
1872038733
816863947
2514483392
1549975865
352396166
766924394
565710665
1185209696
812916301
687683276
3285878093
4220105324
461824861
1132921943
2009175743
45646198
4167167809
773444532
3785374850
3844855882
175153559
3575613725
1663257958
3663654991
1661262753
2582816007
194847800
460198506
1353588878
765557913
3617159927
2926400714
210743025
4136784846
1670249464
3793970158
2594121329
3337611716
1786078692
451344493
2956345962
2437232103
2497252966
4088210725
1036006158
1521303523
3096928306
2206969161
2693347984
543446533
3788280782
591717036
2613138729
876874686
2289304443
480219023
56695855
141441088
4107938026
2538246622
3788999957
4156686234
234426646
4126150676
3508176244
4055598487
1923848718
4002143456
1814116892
1507182576
4148501148
4282703753
2953162744
931005590
3029166649
434741900
816533681
281799834
1165450015
1504053142
644492714
3979616643
720067581
1269306418
987069024
2301433231
1859997679
4283935815
37025390
1278286004
977906725
1829637402
2659911318
2273413454
3662751988
2935327503
413830809
2885025707
3630656615
848630124
2003633486
2785290439
4036761123
94605788
1614313069
2996454387
2687097266
47694428
3769590480
3482041463
3332695567
3465770915
3244685990
1111547319
3000091931
2925024777
1269460253
873936103
696438605
133312064
1079204386
1438540835
2052575289
3890121870
306306126
3040838817
2820492627
2445231981
1824046921
3803155564
3020446812
376780852
1934640568
3163816439
2590276714
3285247224
1047271738
4294393372
1396038147
1361324115
803747515
1361941810
1052662225
3197034160
2844515338
2004726337
3029382801
3212640281
2803306986
3128482670
706215645
2457592069
4128481868
368107094
2473027425
3915733770
1411515454
2456917158
138885609
1118682607
1675425690
1690345388
2466616852
3127998515
3324146512
3548568144
4021889136
323163578
3048102057
681037304
482623308
2278075426
2474994550
2006600300
2521226014
2654754330
1631941818
486790166
2353366502
2539379700
3634951830
2763150218
1734885671
873776386
2305815794
2008815415
3932866415
693836944
2771647208
3721602532
369565372
2112236780
3762455396
4215578995
2727390635
2812540029
1392665327
1768468786
3514176824
621230784
2407663820
2763284113
3147694908
3823105270
2873973896
2938539348
819943247
2098783841
2824041629
2428657901
3110005618
2373752013
2907250238
2484128075
1642112586
2103369428
4006844316
3310269769
2979574503
611699896
1561575389
2690934190
1973872571
3480735435
444668554
604132164
4185694849
1072052385
3572129549
3898267137
3762473028
829465263
869774874
438666734
3094570462
1897279326
1697329185
2796902217
2629385893
2006647199
99966962
1931597469
2697248560
3872392379
967328975
2403297758
3066867074
81868432
297145897
178375108
1150915571
1524860329
3922901382
435920291
2359679366
197167960
3306486016
379871331
3984063798
551310555
4181967006
3071766114
954496317
4194279581
3633074350
2529868416
3926231101
3297269867
2936198024
2003666979
53639515
2380951846
2066872810
1440077381
3707872861
1849412481
3656297668
656278947
75020475
2024535181
52803796
4001415128
998009342
3101747202
894539628
1315395345
1922826045
3100504638
722397956
524298590
537962945
1201826535
3704657705
2740954599
760185442
1984754348
47498646
2768104533
3284253718
876842723
3230675445
2584552082
4281696709
3403688705
2013349752
409907284
769966705
1646509735
1724513821
2999645373
3568062943
462848834
3392430955
1666158838
3144768447
3052963617
2093708272
3649462540
3967702886
1963145476
2989847614
4053860198
2684643598
4267992271
1627602028
391036056
1087215960
3766986487
44709956
319296748
2977770461
600169822
3889933639
588993395
1502098802
1873289737
3032063032
3285572174
589517439
1468331543
3436112709
211923164
1793089342
3767174160
1771539865
3186346885
3813974432
1115417928
1809372301
2737391440
2570332632
3111446892
1789269433
420135586
2408214868
2790302754
2340014511
2789607827
2041371165
1494275269
2885258734
3371947908
1479230888
877842740
3180483493
561819002
3670728778
2901523020
809634067
1985209626
3094339445
261867163
3215850858
3833544586
380219707
1215216341
146369471
4073220892
1671693922
1760289944
4026932700
2452272512
2557573333
719272473
4092800201
2977110376
1851755130
2844007476
4149381218
2515420538
347354330
1954230582
1325971974
4000140332
3618333855
629701787
2609985931
1714095110
300890733
2398858712
4111231497
2452690553
3537385269
3963187150
1670301538
320112280
2061784924
3348919557
3341805471
2954630348
1773161743
2547518102
1686248901
2216955728
1718947169
3993759767
3718125915
2952178453
2256796665
1021700330
724456120
4046400524
3852177622
3359952346
2042592927
2889572444
2806052023
3272544045
1621366090
3678715865
3659433526
2254565733
3260117809
3757256292
2774987378
1958178394
3982358321
3980564548
281302412
2587025594
3375933280
2099910589
511858340
1121269664
3312715567
3215746321
3685902404
3725999020
3611573462
1605389899
2838203091
2502197307
1253229616
4150841223
3866152249
2695910576
2900599787
1528133222
2801173305
2014383702
569891395
832169763
1414958519
1524457271
2259718181
4030952772
3567784413
346856812
1178480901
4088116302
598353582
399978075
2071918940
1848850147
3881894874
292819003
1848364116
3316077385
3831035010
1658822648
4185806678
1955151902
1907940822
29726949
3728319236
696591457
748289718
767420453
1205852128
3544798184
1888205309
3780979871
400391131
2178777683
783436013
2834945446
248367267
418828381
2710650480
2578691432
4216149711
3201770211
218335639
1949421743
2743928765
1718212705
1104509040
1450992514
2574174045
3018946082
255536733
1510489367
2142715254
3573605550
3165490552
3447629053
1133886897
1066255067
3864887203
649727420
438326759
3165123722
790878950
1675395178
4110696569
4003370604
2832459673
3166206199
1676151228
2927946464
3251416920
1497476293
1283468197
1294050796
2342234544
223736235
3433399860
984957017
3544728481
219733369
3944357548
1740172083
1111222953
4092491908
3834393975
2663757793
2188329456
3115805096
2578320754
4260176265
481248447
4060712960
3655232046
3437735898
3355553493
809693259
3204119951
1002945682
2262757026
3676039630
824325384
74664540
2704560147
1108134561
1289537727
1992606783
3104921647
4065744677
915739857
3506629203
1982781085
203254018
823100523
3827449238
579916228
3124947939
1758978977
1656359539
2745111201
3084985729
1335417189
3568465582
3073803351
3430947910
4024602114
3170273900
764361602
1022291438
4085743561
4294253135
2841845808
1517431045
2673567691
1434180945
1450756112
2939840762
2292832084
3794009941
1142054338
2495026791
936415755
3667808146
1209326924
4062269852
2105269489
2413122471
244671007
3849472527
1242922032
1142978708
444232441
673027828
2121060551
3421932692
2886237678
423566212
2781270316
3041005866
927767905
3347376003
670537501
282699604
3799600240
2185541836
2301298640
2833179470
2080422430
4273701213
2691401297
1107369095
1329331215
2290007610
2222267595
2694730775
2820561387
4281880622
3167265934
2571867163
2607147788
1858167507
3608541052
4130448939
1815889268
801408143
2240984216
3916533701
3056316869
3172164260
3467262157
3832824203
4239298118
2199836525
4230638449
226294745
2315280684
2034591435
858630095
1617214289
2269150934
853764547
3479852043
3111216080
2233999560
978191078
434129093
3538029427
2078290529
172554111
2207143204
342642277
4274169730
3415927142
228748397
1986535695
1493376183
330202007
254340904
65481684
2308075412
1078597173
3382480012
4271250800
1201827368
2996745386
3420096528
190604117
1350712882
2962894419
1838436741
1513170753
3241391765
341072640
2533166476
2364504225
1399226301
1165719705
629349038
3110971004
2966599043
1820992174
1413434937
2543224095
575967372
537697104
342841543
1782257329
2366985118
855212966
967787195
3065374878
1956385768
3172949108
367242006
597391296
1727043261
683836635
1391759011
2919770543
515434983
1074586741
1090822012
2246384491
294944258
248554863
1067084563
154609234
2290059122
3350350487
2860236079
666730295
600098888
3423938892
2245702791
187953284
974907874
909869041
2705588356
313046296
4159600205
890698797
1107397890
3059788289
1743219968
26290549
110715883
2583071407
3021507544
2261872884
1155092399
574006716
3372975135
936321955
1803134387
2443485524
4163733914
1843418945
2667768963
460899564
128807414
3900837009
1088859209
2429297988
2365603618
195124654
1347451187
1492222909
2782882079
324315425
1693295129
711751800
1850657162
1573526142
627809004
1386563494
4121001018
2231691905
698388569
3317239395
2199954250
3011638054
4191901861
3147943116
3527985848
640893484
1584478228
3014837976
3604025997
568485827
1108350159
3302720180
1317447435
3347584237
1041527798
1897010675
1430517885
532168400
323138081
196507179
3949949021
4285495444
3985923682
466797673
2242407148
82381778
3655086130
1095115977
3173429318
358494641
387892794
1252820663
3909104414
175262684
1033525667
4271494790
847373805
722839138
1164737387
1762129790
3847724254
3068864804
1276252244
1786550100
3535209766
2652329084
1008093321
1844927183
3013636433
3847666893
4292057763
1518501015
2993768133
2940411448
954451383
681117983
2782252166
584558422
3029293278
8876382
1472127643
1934814976
3078639453
4201304335
245995562
3016674552
1948438682
1816225691
4099119347
1795398894
3711925554
2862945025
3346194049
392110687
696322703
846932817
672299236
2691974197
3101490820
2905552792
3011222695
53005945
2144986796
944088752
3833740152
3030891581
195585275
1811750522
1557254817
1816829556
1228110381
3862769878
3960118880
3296353656
42319061
1207885345
2642493293
926976192
3932114968
2074318120
290793635
2148607989
2275745447
4118366531
1405245083
3782910589
232245907
1224481632
1612923629
1401330389
1977547101
2059932864
1006903172
3335169679
930304666
16381603
3672891558
3053283170
1520031347
2249882140
3390069566
777183159
4285485568
2215749010
739257367
3779370605
584936452
437172604
3866021530
986613638
2729111554
3597228750
1830313475
3388483844
2734190972
439422574
1195691606
1922315598
3334483552
1952348180
3668173091
2359349449
4274793838
698784140
4056381697
114651109
1406068267
86248374
2991886074
767058580
512313049
2337030036
45436911
3058581545
3049544319
2362716459
3034226369
2839390770
1727331975
3159554156
2908935753
3920243470
988368145
1217301017
3657034450
3882214237
3735827412
3875335931
2780652014
869062000
1049834073
2859152368
3388131749
2373094768
3695405716
4247012494
3155548651
717174843
2709390040
4190512278
2208569004
2830384799
3733971480
219673815
594250912
2021159036
3858110413
3725547350
1366118115
3762683789
2014300150
2880312492
1660968809
2877646281
694289765
1474645126
4133023058
1500532529
1565329500
2524727108
620114908
4036293331
199310038
321123171
201331896
2396767626
2705655813
3131127305
746712434
788926100
3501588662
3514535190
131976091
889713920
1239177679
3849734660
774315483
2045682404
2528916860
2924544687
3880489499
576820957
4159072849
1215651920
2833064009
3160081674
463101170
2566160814
1043231820
1454317989
1818453007
3964658361
2731851039
2514855120
3408279094
3268048493
1084066522
2189595138
2375927343
1667111138
2009806267
1230464267
2347697602
1764072537
1561469632
3402208091
3706369838
3135287797
3529640418
3852406401
4250466222
365613249
2229603164
1036114417
986555499
427278342
3447134627
2544317833
2818920323
1332430368
1475641332
681768545
734891370
