# Briscola AI seed suite
# count: 1000
# master_seed: 20250122
# generator: random.Random(master_seed).randrange(0, 2**32)
# format: one integer per line; lines starting with '#' are comments
563702332
3971889794
1193659323
1288613319
3947229598
1139002741
2658032167
3622941752
2415419417
1634893330
3135852218
3581417248
3655508757
1698746722
3626781626
1994069798
1624199122
2922209419
3488359104
91040267
2299354909
4175694142
1793298037
2135742767
2237259486
2549189475
597669499
1253729503
801758715
557913809
3623057352
1608974319
1618684928
1470646801
1210855390
3219366257
2745522750
4038303620
2741815486
3215188389
1777802211
666335627
602662213
3148698782
2589196761
1452914047
1602074034
146389536
2224614242
1893109551
3182845680
1925821693
2318499657
3739181935
3488732706
2603231732
3127155187
2216760128
190648717
3952390767
1143666579
846119899
4037867193
4260988648
3339698470
4141652546
776743390
2025265429
533304863
2895599650
658839684
2453578665
2273199917
3958985492
3323581657
493266296
759970846
3996729238
1393897227
3088153534
2096602376
4189745025
952869913
760090107
3374003479
1160776769
1978886651
434068206
3668423528
3240957067
1684856609
2866018857
1048056704
3229891759
2692361587
1469364198
3744333027
2876429456
2838180189
3272463270
3068347936
62040318
2860749892
2670108837
3087418048
180996602
3733523210
3285463381
3949858504
845569018
246493022
832750613
798170094
2931100463
1644658164
1685787851
322592444
1090617266
1335033627
1174473098
1742518808
1611328764
3858560403
2518781863
2823708283
534609244
61735040
860252596
959812270
2534231508
4019279408
3403560544
3009535112
2756135033
3512989405
1532768352
1286142014
101480034
3192202145
3567507912
2448901307
3841452901
4054919613
3723261484
1861585361
3586585282
4019130250
1809133957
915418885
736503330
1303103928
1378611151
3761208978
2821220507
1423047166
1266286357
2253437274
4267608699
939801447
3133709509
3476234605
1502041886
1214122320
934753467
3266064619
3801853785
2043339886
1733169200
651287573
2201606553
678371723
91004694
662473750
1081372751
1155819726
683070705
2403131009
3803696098
1081953642
77269774
1649489596
3261511674
2065098354
2628757301
1045681748
3957247192
2258992912
2732873706
2612673884
3033670452
3425444767
1977299064
2977591353
407656745
2569900497
2999130273
856366737
2952441536
1264666857
3007972000
4064272942
3463811780
2944584916
1987551096
1614038209
555060205
870265688
25100624
1679981016
3717836633
3960173623
1549882922
1619846309
948209767
2406008044
4111506335
615539298
1725112800
2202612753
2791179806
4135666577
3965546311
1962421416
4194973930
2781358523
1435160567
1897416834
1892751754
3218046838
1246157171
629877860
2140914896
2304858275
3016756637
4006179202
2599603582
3615605634
1482765600
3496581079
857015149
1018021336
3485036559
400289680
3999939109
3547474992
1456093833
2410356564
2719504726
1151771906
4016338909
1641278135
2266395224
276617798
2070373284
379177311
2476828225
2911175940
2990612670
59142574
3138496151
2409451743
2519477214
219748820
242719499
1016430445
365273191
135639189
308878687
815907723
205466207
2441288024
2600771059
3203322637
721091033
2880040589
1450750445
1355096286
3795440181
3589465526
1695439182
2541011379
2134910256
103467683
2377514493
3490656657
2834638049
886477417
2688611641
2557545714
731908755
52378928
366868877
422329306
1966502152
1231568303
1688125882
2417221706
3309211957
3012088247
3437538559
308619154
3677417597
982182939
3444766574
3966970890
1561175637
4100208306
1656825462
1417602641
3905883593
3987890929
844426359
1495814752
210152897
3337106411
1842682461
959278567
1987334146
1621550434
567127185
1342039949
3428731950
3484079404
3413187619
4117455581
2854989050
1295529082
4097836811
1817471950
1446189961
1597920249
4073157838
2370223562
3804335477
1222228447
1488421067
3694488342
2044471853
2497229314
2347297126
3198736291
2583987070
299038807
144417032
3919807744
1663184471
2422368558
3812790610
1500795307
2501166232
3799231893
32583163
701824722
3552116587
2625889449
1578861342
2900660576
1086052155
1522454398
1021265837
2375403914
3476793749
668319376
70440454
2494324373
2827063061
3767132162
170035876
3977457546
928671038
4111804845
578280780
1191529288
3365307714
276197396
212002277
4116364612
1949934692
470847333
3623259248
1248747406
1929217891
4080187075
2367019369
355333897
3326868057
589951486
2894530364
2686304931
4233713422
1642421260
4120545974
875176181
2013332472
3807840469
3150281672
1550569138
2062932890
3532231374
845147940
987617938
2069266778
2015135216
3189241296
3259325162
1666570893
2666012723
2808124761
4174641015
462930168
4024876588
2412240336
3650396730
434873820
3884899628
2117718957
1083415991
2452230238
3498466575
815504290
373605413
3561082908
1242479414
3396514013
1936707599
1041745047
1080632455
2126007247
610582517
244319944
3540060648
2893068433
2510295821
3900101232
3303765865
3157158459
3077030308
4095730278
2800180282
3657306359
1383592050
4183620570
3356686818
1695999709
803592189
1027829115
2178672529
2287464031
4100246043
1614288845
577671877
1200446496
3796577266
4177431750
2991885087
3566926951
2267272435
139050972
1023662710
128200778
790624912
2499331124
2957129121
3966727890
1941533119
884827704
2064184631
3900965269
3444337789
2453667342
2908899738
2459871435
3677716184
247942688
613875500
1679679712
2841276003
2614711029
2101466476
148892493
816950132
1099720364
629824667
1881052889
3200446233
322228362
1356123823
317431022
2969168060
932874593
3806998125
2073317311
1126064417
2271275149
2386876946
2411611939
1786093700
2708683753
670499568
1461082952
2848661742
908549652
3817398728
3036438313
517828841
4262596590
2820536503
3608264100
732956399
3994208093
237691719
3424081222
4292323857
1977284019
4127637740
1103913052
2514952030
1741207575
739075385
3091946337
2366176425
2679710680
2945633787
675439368
564047165
928932132
292612137
1835509825
3741429642
4089239339
1652011398
3230580800
1912699109
3827900403
2613441881
3516048859
1251542572
2396879446
3163476526
234810529
3874374063
428461046
1864303948
1101766200
28230527
2884684631
1973079022
1990538888
1157427231
1600755196
1353735058
3448350223
3422849680
2607949336
218653274
1295534804
2768155197
2617433917
137051985
2579371812
2274617658
1390263952
3193798971
351567879
760121531
3358929857
1171179489
1664642130
2466651496
1430547707
1137776214
1880720068
3114408828
4111350091
342857067
2688782083
3628076096
3750997604
2358610967
930364306
559729899
2044447794
2309577415
815525905
1245926050
3801315057
435127039
2406480586
4031547192
2523568597
2605021826
221134969
2208826361
1295148744
935128270
2543066970
235711630
2351699658
583005506
3942687136
2340352229
4125555854
2205980960
2043006943
2356377261
1075067307
1322188466
1435460471
1536475282
1359032393
177321398
2898345936
1200607946
3494454465
3376530623
2775943502
4026948272
2629434422
2409701099
3570354908
4256084923
2932215209
2688697875
2249206535
2853256645
1867881651
2302810563
2669607350
792177470
3809722379
287917862
3166629560
2397163533
535755257
4253041257
3589992110
1307596798
513331919
3671337724
1979090708
3526147261
1521821501
576595753
2711621548
3744690111
3713385573
2578824972
3425409569
310312269
2092039121
775683429
702166824
74573954
666341850
2785831785
3039046942
4033594353
1661886118
3990800517
3024801737
3294179279
360633318
3193635208
4055499646
4183186121
1959603464
1344690560
3193881938
2040973060
2049906925
3749258982
2758324613
2155711643
884016903
1102953616
3556794937
2068707784
987272902
4093736573
3444735592
2720890521
996099041
2958279001
2585308681
830263662
274084604
3081457791
98386105
1145676602
645169890
4083218447
2848833148
2068310670
454109285
3976756469
1323521628
1379002590
2157797883
267042722
577143101
2284898979
1014492186
2075450507
3246894158
4088195034
3810565794
320020967
2950403281
2248333043
2083693094
4275393949
2310047933
850590161
4072446237
2965587179
851650255
3245713629
968553630
2630897979
3635709406
1958094949
2804220268
4080443191
2351547325
3202303469
606396006
8690627
3425141702
1745136797
1854931407
3127560870
2228435348
1494339417
11246660
4214970270
1125581080
4292246270
2292450097
3974485230
3882282332
2874019272
1456045663
4243891179
1269913041
814689001
1387467064
783292803
112428036
869066016
4147465528
3913523615
1487583890
3472329471
3790442095
3062378299
893442795
2112460956
1783942742
3896998719
2788865896
283796460
4165261107
107360286
556094422
698858839
3645841500
1731018529
1599675462
2991164602
2319082483
2869635506
4215210014
2935150141
1257525618
2028840130
2088902473
3623833307
3655377230
2516037659
3439159992
2233891794
308011001
1488956225
2473538100
2821342641
3680391116
1996323413
2852985057
1656281314
1228293251
3492992083
1146035825
438619278
768435481
3258775211
2542136180
1640822007
3967205698
776339722
747489915
2502320815
1883786483
2606540494
1325925529
2919951367
1253322755
1108467819
935563415
4161886597
292442825
181101390
1078548426
505849105
1643817468
2427560189
1792985796
1550230051
2730149827
3472528514
2906693789
792477145
2139621882
3705779941
2958061
1127983387
2204467847
2806293622
520486473
4226247012
3634480606
2448984285
783422139
567564032
2350708616
2308942800
2612751512
722274808
3379421426
660097276
2657383560
1949168754
276306737
1328756534
960498378
132797335
883038452
1087954085
288901759
1461326491
2363853526
3160822867
3077920630
1953483606
3582231956
2533524134
2834445255
3994205119
431552849
685713261
1079889411
2631267637
1345973385
3644002792
3422958521
4158006371
459372042
24722677
2325868508
3956957894
3527496332
4253398719
1063915036
2242976753
580230262
1824237593
2210914338
3788132690
913697658
1788879176
2818740584
640933536
2835062133
292040934
3193257273
2038504998
1578864650
3946903590
3995848573
1226765513
858319382
391218165
781782856
671748338
2533487652
2058045528
198522143
2341493089
1858659885
2950690008
3181341370
153935222
827658599
1132425732
21307604
2112628221
1873977668
3110581502
2255730749
2870689362
4165269458
60221599
1697409079
756439660
298893639
2088195694
1174117010
1875584935
4212050525
2868733245
3950389482
4294842142
1396914362
1144931733
464074526
963677118
1153389345
2140264613
2803957115
1003943260
2010172191
455392301
625519714
1280030550
4071423465
2147492295
606865169
1525956136
4066581065
3690541213
3238278497
4005681277
2451355547
3002673959
2876380655
924742762
2161039218
67801217
3504649235
3882930338
99390418
1114095553
1388607836
1872932304
3101728859
2604632376
2269736778
2392024445
1115981744
480324816
642702386
2570955139
2584664883
1789198817
3498029135
3072736542
2558274170
300487279
1097777278
1143442562
930541956
481443674
57707745
1257920862
4057247443
1278920334
3239819361
143465493
3930095971
1085345049
3265529389
2867686801
730831516
3608709361
3951526595
2253968006
3000113589
1709074775
4104280995
3706106146
2579701774
170214454
1042789355
745371071
2100575662
1470369327
186730068
3578898471
2968238302
2690169367
274345037
